      0.26000000E+00      0.11967564E-04      0.81623811E-06           2
      0.27000000E+00      0.13376821E-03      0.88533411E-05           2
      0.28000000E+00      0.32919152E-03      0.33346604E-04           2
      0.29000000E+00      0.15293989E-02      0.23096971E-04           2
      0.30000000E+00      0.50378443E-02      0.10843135E-03           9
      0.31000000E+00      0.18685598E-01      0.25943935E-03           9
      0.32000000E+00      0.82309613E-01      0.92224254E-03           9
      0.33000000E+00      0.33784721E+00      0.21087704E-02           9
      0.33100000E+00      0.38661582E+00      0.13307649E-02          83
      0.33200000E+00      0.43505647E+00      0.14723686E-02          83
      0.33280000E+00      0.47839008E+00      0.90513482E-03         261
      0.33290000E+00      0.48469740E+00      0.94370214E-03         192
      0.33300000E+00      0.48999899E+00      0.65773588E-03         409
      0.33305000E+00      0.49148404E+00      0.62798500E-03         457
      0.33310000E+00      0.49409201E+00      0.68523458E-03         326
      0.33320000E+00      0.49993873E+00      0.96145700E-03         192
      0.33330000E+00      0.50488120E+00      0.10612431E-02         190
      0.33400000E+00      0.54250897E+00      0.14819951E-02          83
      0.33500000E+00      0.59651719E+00      0.16297747E-02          83
      0.34000000E+00      0.88730831E+00      0.28305614E-02           9
      0.35000000E+00      0.13888438E+01      0.84056726E-02           9
      0.36000000E+00      0.18054569E+01      0.10372662E-01           9
      0.37000000E+00      0.21281186E+01      0.25209276E-01           2
      0.38000000E+00      0.24715837E+01      0.52999775E-02           2
      0.39000000E+00      0.27055711E+01      0.66923450E-01           2
