      0.15000000E+00      0.51608915E-04      0.11064807E-04          33
      0.20000000E+00      0.17672674E-02      0.47957329E-04          65
      0.25000000E+00      0.19050461E-01      0.23044346E-03          33
      0.26000000E+00      0.29369675E-01      0.29426838E-03          37
      0.27000000E+00      0.44768954E-01      0.36025757E-03          37
      0.28000000E+00      0.66627060E-01      0.48497763E-03          37
      0.29000000E+00      0.10332022E+00      0.71836677E-03          37
      0.30000000E+00      0.15352996E+00      0.40595188E-03         185
      0.31000000E+00      0.22546947E+00      0.74421879E-03         120
      0.32000000E+00      0.32123219E+00      0.89611836E-03         120
      0.33000000E+00      0.43654845E+00      0.10292343E-02         120
      0.33100000E+00      0.44912404E+00      0.19297728E-02          51
      0.33200000E+00      0.46066989E+00      0.12824150E-02          51
      0.33280000E+00      0.47238348E+00      0.93847741E-03         210
      0.33290000E+00      0.47168058E+00      0.97951103E-03         145
      0.33300000E+00      0.47564045E+00      0.71596205E-03         330
      0.33305000E+00      0.47468211E+00      0.56756553E-03         457
      0.33310000E+00      0.47639427E+00      0.71654318E-03         279
      0.33320000E+00      0.47816094E+00      0.99840658E-03         145
      0.33330000E+00      0.47770324E+00      0.10317174E-02         145
      0.33400000E+00      0.48894081E+00      0.21178298E-02          51
      0.33500000E+00      0.50298550E+00      0.14577659E-02          51
      0.34000000E+00      0.56236306E+00      0.12225201E-02         120
      0.35000000E+00      0.69401558E+00      0.13027217E-02         153
      0.36000000E+00      0.81721007E+00      0.15576063E-02         120
      0.37000000E+00      0.92940037E+00      0.36731733E-02          37
      0.38000000E+00      0.10305282E+01      0.36379251E-02          37
      0.39000000E+00      0.11307259E+01      0.40352366E-02          37
      0.40000000E+00      0.12139797E+01      0.33527134E-02          65
      0.45000000E+00      0.15814687E+01      0.60552246E-02          33
      0.50000000E+00      0.18766896E+01      0.45564307E-02          65
      0.55000000E+00      0.21209047E+01      0.75402044E-02          33
      0.60000000E+00      0.23477758E+01      0.80133083E-02          32
