      0.32000000E+00      0.98015072E-05      0.00000000E+00           1
      0.33000000E+00      0.22436158E-01      0.00000000E+00           1
      0.33100000E+00      0.58224180E-01      0.27918926E-03          72
      0.33200000E+00      0.17292466E+00      0.61741142E-03          72
      0.33280000E+00      0.39946926E+00      0.75914618E-03         209
      0.33290000E+00      0.43798608E+00      0.90351704E-03         181
      0.33300000E+00      0.47976487E+00      0.67362978E-03         388
      0.33305000E+00      0.50080392E+00      0.59282415E-03         457
      0.33310000E+00      0.52180743E+00      0.80187550E-03         316
      0.33320000E+00      0.56668058E+00      0.11410741E-02         181
      0.33330000E+00      0.61264551E+00      0.11868657E-02         180
      0.33400000E+00      0.95121302E+00      0.21842928E-02          72
      0.33500000E+00      0.14138692E+01      0.30502744E-02          72
      0.34000000E+00      0.31722509E+01      0.00000000E+00           1
      0.35000000E+00      0.54083290E+01      0.00000000E+00           1
      0.36000000E+00      0.70368018E+01      0.00000000E+00           1
      0.37000000E+00      0.84795866E+01      0.00000000E+00           1
      0.38000000E+00      0.95884859E+01      0.00000000E+00           1
      0.39000000E+00      0.10505359E+02      0.00000000E+00           1
