      0.20000000E+00      0.29736309E-04      0.11698828E-04          11
      0.25000000E+00      0.14468338E-02      0.55167367E-04          11
      0.26000000E+00      0.31316746E-02      0.85520437E-04          32
      0.27000000E+00      0.59417805E-02      0.98539582E-04          32
      0.28000000E+00      0.12460925E-01      0.16984040E-03          32
      0.29000000E+00      0.24788836E-01      0.28387479E-03          32
      0.30000000E+00      0.51427952E-01      0.31704535E-03          64
      0.31000000E+00      0.10845012E+00      0.66231497E-03          53
      0.32000000E+00      0.22093592E+00      0.10771520E-02          53
      0.33000000E+00      0.41222064E+00      0.16358784E-02          53
      0.33100000E+00      0.43456784E+00      0.18067744E-02          51
      0.33200000E+00      0.45665159E+00      0.14349063E-02          51
      0.33280000E+00      0.47587124E+00      0.74405107E-03         210
      0.33290000E+00      0.47700675E+00      0.10416042E-02         145
      0.33300000E+00      0.48084845E+00      0.72768323E-03         330
      0.33305000E+00      0.48311786E+00      0.60468500E-03         457
      0.33310000E+00      0.48433312E+00      0.76509207E-03         279
      0.33320000E+00      0.48598898E+00      0.11162563E-02         145
      0.33330000E+00      0.48716189E+00      0.10953166E-02         145
      0.33400000E+00      0.50626637E+00      0.17904424E-02          51
      0.33500000E+00      0.52848155E+00      0.18647117E-02          51
      0.34000000E+00      0.65745981E+00      0.19612611E-02          53
      0.35000000E+00      0.90535910E+00      0.26998320E-02          64
      0.36000000E+00      0.11288216E+01      0.27818101E-02          53
      0.37000000E+00      0.13115549E+01      0.41175028E-02          32
      0.38000000E+00      0.14935964E+01      0.48118052E-02          32
      0.39000000E+00      0.16542034E+01      0.54372957E-02          32
      0.40000000E+00      0.17773656E+01      0.11521394E-01          11
      0.45000000E+00      0.23516737E+01      0.17940752E-01          11
      0.50000000E+00      0.27877330E+01      0.19839671E-01          11
      0.55000000E+00      0.31835571E+01      0.18167334E-01          11
