L=4:
0.4 1.2278 1.77725 10000
0.5 1.868 2.63713 10000
L=8:
0.4 2.3122 3.33806 10000
0.5 3.76 5.31876 10000
L=16:
0.4 4.5527 6.26549 10000
0.5 7.4467 10.4991 10000
L=32:
0.4 9.5811 13.5639 10000
0.5 15.2577 21.5169 10000
L=64:
0.4 19.3786 27.7034 10000
0.5 30.0589 42.642 10000
L=4:
0.4 1.1928 1.72044 10000
0.5 1.9187 2.7214 10000
L=8:
0.4 2.3961 3.3711 10000
0.5 3.72 5.3369 10000
L=16:
0.4 5.0083 7.14607 10000
0.5 7.3364 10.2208 10000
L=32:
0.4 9.4357 13.5651 10000
0.5 14.2304 20.3432 10000
L=64:
0.4 18.2584 25.7059 10000
0.5 29.3205 41.811 10000
L=4:
0.4 1.1611 1.71057 10000
0.5 1.9752 2.77398 10000
L=8:
0.4 2.3151 3.29267 10000
0.5 3.6886 5.30981 10000
L=16:
0.4 4.759 6.61209 10000
0.5 7.3913 10.7395 10000
L=32:
0.4 9.3018 13.0464 10000
0.5 14.9566 20.9396 10000
L=64:
0.4 18.5504 26.3029 10000
0.5 29.0702 41.0143 10000
L=4:
0.4 1.2321 1.82515 10000
0.5 1.8887 2.68057 10000
L=8:
0.4 2.3983 3.30187 10000
0.5 3.7013 5.20715 10000
L=16:
0.4 4.7878 6.81321 10000
0.5 7.315 10.3441 10000
L=32:
0.4 9.6505 13.4271 10000
0.5 14.6332 20.7101 10000
L=64:
0.4 19.2765 26.694 10000
0.5 29.4643 41.1405 10000
L=4:
0.33 0.4193 0.83208 10000
0.331 0.4155 0.771829 10000
0.332 0.4509 0.833102 10000
0.333 0.4699 0.840455 10000
0.334 0.461 0.845074 10000
0.335 0.5351 0.89423 10000
0.31 0.2151 0.487089 10000
0.32 0.294 0.607948 10000
0.33 0.4258 0.786738 10000
0.34 0.5423 0.988286 10000
0.35 0.6879 1.10689 10000
L=8:
0.33 0.3422 0.701105 10000
0.331 0.4025 0.800099 10000
0.332 0.4718 0.883676 10000
0.333 0.4434 0.812196 10000
0.334 0.464 0.819982 10000
0.335 0.5212 0.912597 10000
0.31 0.0363 0.211156 10000
0.32 0.134 0.371023 10000
0.33 0.3912 0.736082 10000
0.34 0.7863 1.20357 10000
0.35 1.1529 1.70494 10000
L=16:
0.33 0.1977 0.503428 10000
0.331 0.2478 0.513051 10000
0.332 0.3619 0.752984 10000
0.333 0.4683 0.85876 10000
0.334 0.5767 0.991068 10000
0.335 0.7895 1.24256 10000
0.31 0 0 10000
0.32 0.0164 0.127014 10000
0.33 0.2566 0.577572 10000
0.34 1.3469 2.00379 10000
0.35 2.2076 3.25189 10000
L=32:
0.33 0.0363 0.187045 10000
0.331 0.0912 0.33955 10000
0.332 0.2731 0.592412 10000
0.333 0.4632 0.777114 10000
0.334 0.8667 1.31564 10000
0.335 1.0345 1.59592 10000
0.31 0 0 10000
0.32 0 0 10000
0.33 0.0519 0.221836 10000
0.34 2.3749 3.41876 10000
0.35 4.4147 6.29294 10000
L=64:
0.33 0 0 10000
0.331 0.0034 0.0582132 10000
0.332 0.0493 0.216504 10000
0.333 0.4381 0.825734 10000
0.334 1.3771 1.95915 10000
0.335 2.1898 3.34384 10000
0.31 0 0 10000
0.32 0 0 10000
0.33 0.0003 0.0173188 10000
0.34 4.922 6.86558 10000
0.35 9.1683 13.0707 10000
L=4:
0.33 0.4347 0.860355 10000
0.331 0.4353 0.786051 10000
0.332 0.4573 0.837046 10000
0.333 0.4611 0.83292 10000
0.334 0.4665 0.851675 10000
0.335 0.5124 0.915385 10000
0.31 0.2285 0.565968 10000
0.32 0.3229 0.682556 10000
0.33 0.4698 0.866466 10000
0.34 0.5962 1.0068 10000
0.35 0.7084 1.16461 10000
L=8:
0.33 0.3907 0.790263 10000
0.331 0.4122 0.782274 10000
0.332 0.471 0.85043 10000
0.333 0.4791 0.829959 10000
0.334 0.5215 0.911933 10000
0.335 0.611 1.14167 10000
0.31 0.0502 0.241838 10000
0.32 0.1602 0.481414 10000
0.33 0.385 0.725278 10000
0.34 0.7272 1.1831 10000
0.35 1.0878 1.64194 10000
L=16:
0.33 0.234 0.583162 10000
0.331 0.2895 0.603429 10000
0.332 0.425 0.791983 10000
0.333 0.4807 0.888654 10000
0.334 0.5736 0.970504 10000
0.335 0.7138 1.17747 10000
0.31 0 0 10000
0.32 0.0112 0.105241 10000
0.33 0.2172 0.603706 10000
0.34 1.2484 1.91778 10000
0.35 2.1784 3.05914 10000
L=32:
0.33 0.0585 0.234698 10000
0.331 0.0998 0.301743 10000
0.332 0.2767 0.585638 10000
0.333 0.5002 0.935568 10000
0.334 0.8967 1.45755 10000
0.335 1.1594 1.84161 10000
0.31 0 0 10000
0.32 0 0 10000
0.33 0.0481 0.224925 10000
0.34 2.3608 3.39196 10000
0.35 4.2371 5.89671 10000
L=64:
0.33 0 0 10000
0.331 0.0085 0.0918074 10000
0.332 0.0422 0.201055 10000
0.333 0.3709 0.785745 10000
0.334 1.4025 2.01124 10000
0.335 1.9964 2.70465 10000
0.31 0 0 10000
0.32 0 0 10000
0.33 0 0 10000
0.34 4.6503 6.40555 10000
0.35 8.6828 12.2343 10000
L=4:
0.33 0.4436 0.835517 10000
0.331 0.455 0.829725 10000
0.332 0.4498 0.806688 10000
0.333 0.4845 0.855005 10000
0.334 0.5067 0.939385 10000
0.335 0.5095 0.900217 10000
0.31 0.2083 0.51782 10000
0.32 0.3282 0.669724 10000
0.33 0.403 0.752228 10000
0.34 0.5719 1.03641 10000
0.35 0.705 1.12486 10000
L=8:
0.33 0.3663 0.771093 10000
0.331 0.4486 0.841563 10000
0.332 0.4422 0.852486 10000
0.333 0.4465 0.788416 10000
0.334 0.5384 0.939901 10000
0.335 0.5448 0.989995 10000
0.31 0.0564 0.257732 10000
0.32 0.136 0.418475 10000
0.33 0.3739 0.7479 10000
0.34 0.7691 1.24376 10000
0.35 1.0417 1.56997 10000
L=16:
0.33 0.2223 0.581822 10000
0.331 0.2799 0.627372 10000
0.332 0.3851 0.750503 10000
0.333 0.4995 0.863524 10000
0.334 0.5682 1.14398 10000
0.335 0.7512 1.12081 10000
0.31 0 0 10000
0.32 0.0047 0.0683987 10000
0.33 0.2388 0.591447 10000
0.34 1.3202 1.89864 10000
0.35 2.1251 3.07278 10000
L=32:
0.33 0.0342 0.181752 10000
0.331 0.1361 0.388834 10000
0.332 0.2772 0.571308 10000
0.333 0.4535 0.855284 10000
0.334 0.8402 1.27092 10000
0.335 1.2184 1.8858 10000
0.31 0 0 10000
0.32 0 0 10000
0.33 0.0449 0.276571 10000
0.34 2.4309 3.4735 10000
0.35 4.1671 5.7607 10000
L=64:
0.33 0.0037 0.060718 10000
0.331 0.0023 0.0479055 10000
0.332 0.0795 0.270531 10000
0.333 0.3839 0.701548 10000
0.334 1.2116 1.75361 10000
0.335 2.1723 2.97985 10000
0.31 0 0 10000
0.32 0 0 10000
0.33 0 0 10000
0.34 5.4217 7.25882 10000
0.35 8.2378 11.9455 10000
L=4:
0.33 0.433 0.815094 10000
0.331 0.4821 0.85846 10000
0.332 0.4707 0.906435 10000
0.333 0.4805 0.8336 10000
0.334 0.4636 0.843058 10000
0.335 0.483 0.879198 10000
0.31 0.2256 0.51101 10000
0.32 0.3309 0.688079 10000
0.33 0.4294 0.773224 10000
0.34 0.576 0.968462 10000
0.35 0.6817 1.0855 10000
L=8:
0.33 0.3789 0.738234 10000
0.331 0.3898 0.8007 10000
0.332 0.4257 0.807802 10000
0.333 0.4817 0.872319 10000
0.334 0.5247 0.940999 10000
0.335 0.5595 0.966516 10000
0.31 0.052 0.270746 10000
0.32 0.1319 0.398646 10000
0.33 0.4 0.81392 10000
0.34 0.7816 1.22738 10000
0.35 1.145 1.63176 10000
L=16:
0.33 0.2767 0.648829 10000
0.331 0.3516 0.744603 10000
0.332 0.4232 0.839626 10000
0.333 0.4855 0.923837 10000
0.334 0.6479 1.1194 10000
0.335 0.6791 1.14248 10000
0.31 0.0006 0.0244888 10000
0.32 0.0068 0.0821854 10000
0.33 0.2334 0.595113 10000
0.34 1.3502 2.07393 10000
0.35 2.2333 3.08296 10000
L=32:
0.33 0.0436 0.204214 10000
0.331 0.1215 0.409823 10000
0.332 0.2545 0.685986 10000
0.333 0.5431 1.01284 10000
0.334 0.7703 1.26028 10000
0.335 1.1813 1.76356 10000
0.31 0 0 10000
0.32 0 0 10000
0.33 0.0456 0.245615 10000
0.34 2.4651 3.54971 10000
0.35 4.0863 5.76199 10000
L=64:
0.33 0 0 10000
0.331 0.0142 0.118321 10000
0.332 0.0747 0.26292 10000
0.333 0.3533 0.732757 10000
0.334 1.3736 1.96591 10000
0.335 2.1055 3.02352 10000
0.31 0 0 10000
0.32 0 0 10000
0.33 0 0 10000
0.34 5.0611 7.29236 10000
0.35 8.9969 12.2099 10000
L=4:
0.1 0 0 10000
0.35 0.7135 1.16317 10000
0.6 2.443 3.47764 10000
L=8:
0.1 0 0 10000
0.35 1.1539 1.73768 10000
0.6 4.6375 6.54588 10000
L=16:
0.1 0 0 10000
0.35 2.1238 3.03773 10000
0.6 9.0796 12.6819 10000
L=32:
0.1 0 0 10000
0.35 4.5049 6.21529 10000
0.6 18.4046 25.952 10000
L=64:
0.1 0 0 10000
0.35 8.7482 12.2179 10000
0.6 38.6442 52.8957 10000
L=4:
0.1 0 0 10000
0.35 0.6671 1.08949 10000
0.6 2.3898 3.44503 10000
L=8:
0.1 0 0 10000
0.35 1.1088 1.61951 10000
0.6 4.5475 6.31672 10000
L=16:
0.1 0 0 10000
0.35 2.0834 2.99736 10000
0.6 9.3503 13.2075 10000
L=32:
0.1 0 0 10000
0.35 4.1667 5.80681 10000
0.6 18.5065 25.8268 10000
L=64:
0.1 0 0 10000
0.35 8.4789 11.7046 10000
0.6 37.195 52.3443 10000
L=4:
0.1 0 0 10000
0.35 0.682 1.07377 10000
0.6 2.3151 3.26577 10000
L=8:
0.1 0 0 10000
0.35 1.1148 1.67449 10000
0.6 4.7054 6.67226 10000
L=16:
0.1 0 0 10000
0.35 2.1156 2.99198 10000
0.6 9.5323 13.2213 10000
L=32:
0.1 0 0 10000
0.35 4.1363 5.86542 10000
0.6 19.393 27.5709 10000
L=64:
0.1 0 0 10000
0.35 8.4732 12.6361 10000
0.6 38.784 55.6217 10000
L=4:
0.1 0 0 10000
0.35 0.6752 1.07936 10000
0.6 2.3483 3.34002 10000
L=8:
0.1 0 0 10000
0.35 1.1879 1.72832 10000
0.6 4.7656 6.7624 10000
L=16:
0.1 0 0 10000
0.35 2.0981 2.93996 10000
0.6 9.9065 14.3448 10000
L=32:
0.1 0 0 10000
0.35 4.4567 6.4321 10000
0.6 19.2572 27.3037 10000
L=64:
0.1 0 0 10000
0.35 8.6642 11.9116 10000
0.6 36.4493 52.0538 10000
L=128:
0.33 0 0 10000
0.331 0 0 10000
0.332 0 0 10000
0.333 0.3691 0.711699 10000
0.334 2.5429 3.6379 10000
0.335 4.8849 6.98475 10000
L=128:
0.33 0 0 10000
0.331 0 0 10000
0.332 0.0014 0.0373922 10000
0.333 0.3623 0.633624 10000
0.334 2.7205 4.03383 10000
0.335 4.303 7.29129 10000
L=128:
0.33 0 0 10000
0.331 0 0 10000
0.332 0 0 10000
0.333 0.3026 0.684018 10000
0.334 2.7588 3.81881 10000
0.335 4.2265 5.7047 10000
L=128:
0.33 0 0 10000
0.331 0 0 10000
0.332 0 0 10000
0.333 0.2063 0.503752 10000
0.334 2.7386 3.77466 10000
0.335 4.081 5.74224 10000
