// Format: Relative_box_size avg(D_H) std(D_H) Num_measurements
L=4:
0.5 2.02923 0.722532 9416
L=8:
0.25 1.88235 0.497834 10000
0.5 2.33102 0.707631 10000
L=16:
0.125 1.84237 0.347133 10000
0.5 2.4873 0.626013 10000
0.25 2.06584 0.471362 10000
L=32:
0.125 2.03569 0.304908 10000
0.25 2.26081 0.394586 10000
0.5 2.69479 0.428364 10000
0.0625 1.88212 0.235561 10000
L=64:
0.125 1.9972 0.326802 10000
0.25 2.17438 0.430312 10000
0.5 2.53137 0.588403 10000
0.03125 1.80142 0.199357 10000
0.0625 1.89532 0.251829 10000
// Format: Relative_box_size avg(D_H) std(D_H) Num_measurements
L=4:
0.5 2.0442 0.72692 9460
L=8:
0.25 1.89249 0.479198 10000
0.5 2.32607 0.707067 10000
L=16:
0.125 1.87219 0.327518 10000
0.5 2.54228 0.596332 10000
0.25 2.10812 0.44038 10000
L=32:
0.125 1.98239 0.32266 10000
0.25 2.19159 0.429832 10000
0.5 2.60328 0.542547 10000
0.0625 1.84029 0.245704 10000
L=64:
0.125 2.03171 0.353802 10000
0.25 2.20891 0.460288 10000
0.5 2.56887 0.593402 10000
0.03125 1.82229 0.215327 10000
0.0625 1.92325 0.269423 10000
// Format: Relative_box_size avg(D_H) std(D_H) Num_measurements
L=4:
0.5 2.03714 0.719167 9414
L=8:
0.25 1.86524 0.489629 10000
0.5 2.31979 0.695172 10000
L=16:
0.125 1.88454 0.338516 10000
0.5 2.55617 0.57506 10000
0.25 2.12513 0.453008 10000
L=32:
0.125 2.0023 0.322095 10000
0.25 2.21085 0.422348 10000
0.5 2.62299 0.551096 10000
0.0625 1.85779 0.246952 10000
L=64:
0.125 2.01243 0.316773 10000
0.25 2.19412 0.414665 10000
0.5 2.57969 0.547182 10000
0.03125 1.80832 0.197637 10000
0.0625 1.90696 0.245253 10000
// Format: Relative_box_size avg(D_H) std(D_H) Num_measurements
L=4:
0.5 2.03144 0.725488 9337
L=8:
0.25 1.94211 0.465665 10000
0.5 2.39546 0.665569 10000
L=16:
0.125 1.87269 0.326777 10000
0.5 2.52811 0.58689 10000
0.25 2.10815 0.440473 10000
L=32:
0.125 1.95813 0.335825 10000
0.25 2.15651 0.437456 10000
0.5 2.58481 0.526429 10000
0.0625 1.82353 0.254618 10000
L=64:
0.125 1.98325 0.339975 10000
0.25 2.16656 0.427592 10000
0.5 2.58674 0.565251 10000
0.03125 1.79598 0.204647 10000
0.0625 1.88822 0.257194 10000
