L=4:
0.0029 0.1 10000
L=4:
1.893 0.5 10000
L=8:
0.0001 0.1 10000
L=8:
3.7387 0.5 10000
L=16:
0 0.1 10000
L=16:
7.5036 0.5 10000
L=32:
0.0007 0.1 10000
L=32:
14.5265 0.5 10000
L=4:
0.0003 0.1 10000
L=4:
1.8632 0.5 10000
L=8:
0.0002 0.1 10000
L=8:
3.6958 0.5 10000
L=16:
0 0.1 10000
L=16:
7.3291 0.5 10000
L=32:
0.0015 0.1 10000
L=32:
14.7495 0.5 10000
L=4:
0.0049 0.1 10000
L=4:
1.8332 0.5 10000
L=8:
0 0.1 10000
L=8:
3.746 0.5 10000
L=16:
0 0.1 10000
L=16:
7.5027 0.5 10000
L=32:
0 0.1 10000
L=32:
14.9854 0.5 10000
L=4:
0.0024 0.1 10000
L=4:
1.8507 0.5 10000
L=8:
0.0001 0.1 10000
L=8:
3.6587 0.5 10000
L=16:
0 0.1 10000
L=16:
7.4288 0.5 10000
L=32:
0.0042 0.1 10000
L=32:
14.6052 0.5 10000
L=4:
0.2269 0.31 10000
L=4:
0.3339 0.32 10000
L=4:
0.4303 0.33 10000
L=4:
0.543 0.34 10000
L=4:
0.7006 0.35 10000
L=8:
0.033 0.31 10000
L=8:
0.1373 0.32 10000
L=8:
0.3879 0.33 10000
L=8:
0.763 0.34 10000
L=8:
1.0819 0.35 10000
L=16:
0 0.31 10000
L=16:
0.0103 0.32 10000
L=16:
0.2293 0.33 10000
L=16:
1.3544 0.34 10000
L=16:
2.0836 0.35 10000
L=32:
0 0.31 10000
L=32:
0 0.32 10000
L=32:
0.0377 0.33 10000
L=32:
2.5147 0.34 10000
L=32:
4.152 0.35 10000
L=64:
0 0.31 10000
L=64:
0 0.32 10000
L=64:
0 0.33 10000
L=64:
5.1243 0.34 10000
L=64:
8.5495 0.35 10000
L=4:
0.2366 0.31 10000
L=4:
0.3367 0.32 10000
L=4:
0.467 0.33 10000
L=4:
0.6048 0.34 10000
L=4:
0.6716 0.35 10000
L=8:
0.0549 0.31 10000
L=8:
0.158 0.32 10000
L=8:
0.3896 0.33 10000
L=8:
0.7914 0.34 10000
L=8:
1.1245 0.35 10000
L=16:
0.0013 0.31 10000
L=16:
0.0258 0.32 10000
L=16:
0.2116 0.33 10000
L=16:
1.3912 0.34 10000
L=16:
2.1403 0.35 10000
L=32:
0 0.31 10000
L=32:
0 0.32 10000
L=32:
0.0744 0.33 10000
L=32:
2.5595 0.34 10000
L=32:
4.4847 0.35 10000
L=64:
0 0.31 10000
L=64:
0 0.32 10000
L=64:
0 0.33 10000
L=64:
4.7499 0.34 10000
L=64:
8.4461 0.35 10000
L=4:
0.2261 0.31 10000
L=4:
0.326 0.32 10000
L=4:
0.4328 0.33 10000
L=4:
0.5602 0.34 10000
L=4:
0.7384 0.35 10000
L=8:
0.0441 0.31 10000
L=8:
0.1399 0.32 10000
L=8:
0.36 0.33 10000
L=8:
0.7632 0.34 10000
L=8:
1.1221 0.35 10000
L=16:
0.0009 0.31 10000
L=16:
0.008 0.32 10000
L=16:
0.235 0.33 10000
L=16:
1.2418 0.34 10000
L=16:
2.1227 0.35 10000
L=32:
0 0.31 10000
L=32:
0 0.32 10000
L=32:
0.07 0.33 10000
L=32:
2.3855 0.34 10000
L=32:
4.3324 0.35 10000
L=64:
0 0.31 10000
L=64:
0 0.32 10000
L=64:
0 0.33 10000
L=64:
4.7844 0.34 10000
L=64:
8.7484 0.35 10000
L=4:
0.2418 0.31 10000
L=4:
0.2926 0.32 10000
L=4:
0.4217 0.33 10000
L=4:
0.5598 0.34 10000
L=4:
0.6894 0.35 10000
L=8:
0.0329 0.31 10000
L=8:
0.1484 0.32 10000
L=8:
0.3757 0.33 10000
L=8:
0.7367 0.34 10000
L=8:
1.2042 0.35 10000
L=16:
0.0013 0.31 10000
L=16:
0.0128 0.32 10000
L=16:
0.2384 0.33 10000
L=16:
1.3499 0.34 10000
L=16:
2.2375 0.35 10000
L=32:
0 0.31 10000
L=32:
0 0.32 10000
L=32:
0.0446 0.33 10000
L=32:
2.5131 0.34 10000
L=32:
4.2094 0.35 10000
L=64:
0 0.31 10000
L=64:
0 0.32 10000
L=64:
0.0019 0.33 10000
L=64:
4.8159 0.34 10000
L=64:
7.8955 0.35 10000
L=4:
0.4163 0.33 10000
L=4:
0.4434 0.331 10000
L=4:
0.4462 0.332 10000
L=4:
0.4825 0.333 10000
L=4:
0.5041 0.334 10000
L=4:
0.5019 0.335 10000
L=8:
0.3934 0.33 10000
L=8:
0.391 0.331 10000
L=8:
0.4637 0.332 10000
L=8:
0.5031 0.333 10000
L=8:
0.5363 0.334 10000
L=8:
0.5693 0.335 10000
L=16:
0.2254 0.33 10000
L=16:
0.3269 0.331 10000
L=16:
0.4191 0.332 10000
L=16:
0.4798 0.333 10000
L=16:
0.6008 0.334 10000
L=16:
0.7525 0.335 10000
L=32:
0.0444 0.33 10000
L=32:
0.1341 0.331 10000
L=32:
0.2057 0.332 10000
L=32:
0.4375 0.333 10000
L=32:
0.8014 0.334 10000
L=32:
1.0831 0.335 10000
L=64:
0 0.33 10000
L=64:
0 0.331 10000
L=64:
0.0583 0.332 10000
L=64:
0.4063 0.333 10000
L=64:
1.3748 0.334 10000
L=64:
2.203 0.335 10000
L=4:
0.4272 0.33 10000
L=4:
0.4466 0.331 10000
L=4:
0.4539 0.332 10000
L=4:
0.4707 0.333 10000
L=4:
0.4817 0.334 10000
L=4:
0.5036 0.335 10000
L=8:
0.3758 0.33 10000
L=8:
0.4149 0.331 10000
L=8:
0.4298 0.332 10000
L=8:
0.5028 0.333 10000
L=8:
0.5443 0.334 10000
L=8:
0.564 0.335 10000
L=16:
0.2185 0.33 10000
L=16:
0.3087 0.331 10000
L=16:
0.392 0.332 10000
L=16:
0.4969 0.333 10000
L=16:
0.5833 0.334 10000
L=16:
0.7769 0.335 10000
L=32:
0.0714 0.33 10000
L=32:
0.0818 0.331 10000
L=32:
0.2039 0.332 10000
L=32:
0.4873 0.333 10000
L=32:
0.8646 0.334 10000
L=32:
1.1794 0.335 10000
L=64:
0 0.33 10000
L=64:
0.0024 0.331 10000
L=64:
0.0353 0.332 10000
L=64:
0.4492 0.333 10000
L=64:
1.3086 0.334 10000
L=64:
2.1741 0.335 10000
L=4:
0.4593 0.33 10000
L=4:
0.4493 0.331 10000
L=4:
0.4381 0.332 10000
L=4:
0.47 0.333 10000
L=4:
0.4938 0.334 10000
L=4:
0.5044 0.335 10000
L=8:
0.3669 0.33 10000
L=8:
0.4285 0.331 10000
L=8:
0.4613 0.332 10000
L=8:
0.5122 0.333 10000
L=8:
0.5083 0.334 10000
L=8:
0.5905 0.335 10000
L=16:
0.238 0.33 10000
L=16:
0.3897 0.331 10000
L=16:
0.3611 0.332 10000
L=16:
0.466 0.333 10000
L=16:
0.5775 0.334 10000
L=16:
0.7205 0.335 10000
L=32:
0.0358 0.33 10000
L=32:
0.1024 0.331 10000
L=32:
0.2279 0.332 10000
L=32:
0.4227 0.333 10000
L=32:
0.9032 0.334 10000
L=32:
1.1576 0.335 10000
L=64:
0 0.33 10000
L=64:
0.0124 0.331 10000
L=64:
0.0684 0.332 10000
L=64:
0.586 0.333 10000
L=64:
1.4297 0.334 10000
L=64:
2.2485 0.335 10000
L=4:
0.4224 0.33 10000
L=4:
0.4344 0.331 10000
L=4:
0.4665 0.332 10000
L=4:
0.4845 0.333 10000
L=4:
0.4782 0.334 10000
L=4:
0.5055 0.335 10000
L=8:
0.3682 0.33 10000
L=8:
0.3781 0.331 10000
L=8:
0.4296 0.332 10000
L=8:
0.508 0.333 10000
L=8:
0.5538 0.334 10000
L=8:
0.5192 0.335 10000
L=16:
0.2564 0.33 10000
L=16:
0.2755 0.331 10000
L=16:
0.4093 0.332 10000
L=16:
0.4677 0.333 10000
L=16:
0.5898 0.334 10000
L=16:
0.7712 0.335 10000
L=32:
0.076 0.33 10000
L=32:
0.1245 0.331 10000
L=32:
0.2342 0.332 10000
L=32:
0.5062 0.333 10000
L=32:
0.7615 0.334 10000
L=32:
1.2164 0.335 10000
L=64:
0 0.33 10000
L=64:
0.0025 0.331 10000
L=64:
0.0458 0.332 10000
L=64:
0.4844 0.333 10000
L=64:
1.2705 0.334 10000
L=64:
2.3822 0.335 10000
