32 4
4 193
64 1
8 60
2 517
16 16
32 4
4 181
64 1
8 55
2 509
16 16
32 4
4 160
64 1
8 53
2 422
16 16
32 4
4 118
64 1
8 40
2 318
16 13
32 4
4 108
64 1
8 36
2 298
16 11
32 4
4 78
64 1
8 28
2 213
16 10
32 4
4 182
64 1
8 57
2 466
16 16
32 4
4 159
64 1
8 53
2 419
16 15
32 4
4 179
64 1
8 58
2 484
16 16
32 4
4 173
64 1
8 54
2 461
16 15
32 4
4 108
64 1
8 36
2 287
16 12
32 4
4 204
64 1
8 61
2 552
16 16
32 4
4 189
64 1
8 58
2 523
16 16
32 4
4 73
64 1
8 30
2 192
16 12
32 4
4 181
64 1
8 55
2 487
16 16
32 4
4 85
64 1
8 29
2 234
16 11
32 4
4 171
64 1
8 56
2 459
16 16
32 4
4 131
64 1
8 49
2 354
16 15
32 4
4 203
64 1
8 63
2 540
16 16
32 4
4 166
64 1
8 53
2 443
16 15
32 4
4 161
64 1
8 53
2 425
16 16
32 4
4 201
64 1
8 62
2 541
16 16
32 4
4 160
64 1
8 57
2 424
16 16
32 4
4 158
64 1
8 56
2 418
16 15
32 4
4 162
64 1
8 50
2 460
16 15
32 4
4 162
64 1
8 58
2 403
16 16
32 4
4 80
64 1
8 27
2 223
16 10
32 4
4 130
64 1
8 44
2 331
16 15
32 4
4 182
64 1
8 59
2 513
16 16
32 4
4 96
64 1
8 33
2 241
16 14
32 4
4 147
64 1
8 50
2 392
16 15
32 4
4 178
64 1
8 55
2 488
16 16
32 4
4 157
64 1
8 53
2 424
16 16
32 4
4 105
64 1
8 35
2 290
16 13
32 4
4 210
64 1
8 62
2 549
16 16
32 4
4 163
64 1
8 54
2 453
16 16
32 4
4 188
64 1
8 57
2 534
16 16
32 4
4 149
64 1
8 51
2 381
16 16
32 4
4 195
64 1
8 61
2 527
16 16
32 4
4 182
64 1
8 59
2 494
16 16
32 4
4 127
64 1
8 44
2 313
16 13
32 4
4 175
64 1
8 54
2 469
16 16
32 4
4 168
64 1
8 58
2 430
16 16
32 4
4 140
64 1
8 47
2 374
16 14
32 4
4 124
64 1
8 44
2 348
16 15
32 4
4 204
64 1
8 61
2 552
16 16
32 4
4 99
64 1
8 38
2 244
16 14
32 4
4 195
64 1
8 59
2 575
16 16
32 4
4 210
64 1
8 61
2 592
16 16
32 4
4 189
64 1
8 60
2 518
16 16
32 4
4 169
64 1
8 53
2 442
16 15
32 4
4 181
64 1
8 60
2 498
16 16
32 4
4 185
64 1
8 60
2 490
16 16
32 4
4 143
64 1
8 50
2 350
16 16
32 4
4 147
64 1
8 53
2 384
16 16
32 4
4 198
64 1
8 62
2 525
16 16
32 4
4 100
64 1
8 37
2 259
16 13
32 4
4 76
64 1
8 29
2 204
16 11
32 4
4 183
64 1
8 59
2 502
16 16
32 4
4 184
64 1
8 61
2 491
16 16
32 4
4 112
64 1
8 41
2 297
16 15
32 4
4 160
64 1
8 52
2 436
16 16
32 4
4 194
64 1
8 60
2 530
16 16
32 4
4 101
64 1
8 33
2 262
16 12
32 4
4 181
64 1
8 57
2 482
16 16
32 3
4 98
64 1
8 32
2 259
16 11
32 4
4 196
64 1
8 62
2 536
16 16
32 4
4 144
64 1
8 50
2 365
16 15
32 4
4 104
64 1
8 34
2 304
16 12
32 4
4 151
64 1
8 50
2 388
16 16
