// Format: Relative_box_size avg(D_H) std(D_H) Num_measurements
L=128:
0.125 2.12756 0.304651 10000
0.0625 2.02047 0.234003 10000
0.03125 1.93871 0.185943 10000
0.25 2.32269 0.384073 10000
0.015625 1.85222 0.153583 10000
0.5 2.7346 0.419251 10000
// Format: Relative_box_size avg(D_H) std(D_H) Num_measurements
L=128:
0.125 2.02964 0.306536 10000
0.0625 1.93851 0.234591 10000
0.03125 1.87097 0.18801 10000
0.25 2.20682 0.390898 10000
0.015625 1.79647 0.155194 10000
0.5 2.581 0.606944 10000
// Format: Relative_box_size avg(D_H) std(D_H) Num_measurements
L=128:
0.125 1.92419 0.33572 10000
0.0625 1.86151 0.256967 10000
0.03125 1.81103 0.20522 10000
0.25 2.07401 0.424053 10000
0.015625 1.74747 0.169669 10000
0.5 2.43358 0.680721 10000
// Format: Relative_box_size avg(D_H) std(D_H) Num_measurements
L=128:
0.125 1.83204 0.343036 10000
0.0625 1.79069 0.266724 10000
0.03125 1.75662 0.212305 10000
0.25 1.9672 0.442041 10000
0.015625 1.70254 0.175045 10000
0.5 2.3428 0.655703 10000
