L=4:
0.33 0.4525 0.840366 10000
0.331 0.435 0.782966 10000
0.332 0.45 0.792441 10000
0.333 0.4457 0.869441 10000
0.334 0.4984 0.881405 10000
0.335 0.4882 0.904181 10000
0.31 0.2246 0.582914 10000
0.32 0.3203 0.641988 10000
0.33 0.427 0.78685 10000
0.34 0.5657 0.952352 10000
0.35 0.7278 1.17075 10000
L=8:
0.33 0.3705 0.76713 10000
0.331 0.4591 0.843563 10000
0.332 0.4541 0.783553 10000
0.333 0.4921 0.921316 10000
0.334 0.526 0.940326 10000
0.335 0.5632 0.902711 10000
0.31 0.049 0.218641 10000
0.32 0.1386 0.410618 10000
0.33 0.3858 0.735264 10000
0.34 0.7448 1.19876 10000
0.35 1.1205 1.77575 10000
