L=4:
0.33 0.4193 0.83208 10000
0.331 0.4155 0.771829 10000
0.332 0.4509 0.833102 10000
0.333 0.4699 0.840455 10000
0.334 0.461 0.845074 10000
0.335 0.5351 0.89423 10000
0.31 0.2151 0.487089 10000
0.32 0.294 0.607948 10000
0.33 0.4258 0.786738 10000
0.34 0.5423 0.988286 10000
0.35 0.6879 1.10689 10000
L=8:
0.33 0.3422 0.701105 10000
0.331 0.4025 0.800099 10000
0.332 0.4718 0.883676 10000
0.333 0.4434 0.812196 10000
0.334 0.464 0.819982 10000
0.335 0.5212 0.912597 10000
0.31 0.0363 0.211156 10000
0.32 0.134 0.371023 10000
0.33 0.3912 0.736082 10000
0.34 0.7863 1.20357 10000
0.35 1.1529 1.70494 10000
L=16:
0.33 0.1977 0.503428 10000
0.331 0.2478 0.513051 10000
0.332 0.3619 0.752984 10000
0.333 0.4683 0.85876 10000
0.334 0.5767 0.991068 10000
0.335 0.7895 1.24256 10000
0.31 0 0 10000
0.32 0.0164 0.127014 10000
0.33 0.2566 0.577572 10000
0.34 1.3469 2.00379 10000
0.35 2.2076 3.25189 10000
L=32:
0.33 0.0363 0.187045 10000
0.331 0.0912 0.33955 10000
0.332 0.2731 0.592412 10000
0.333 0.4632 0.777114 10000
0.334 0.8667 1.31564 10000
0.335 1.0345 1.59592 10000
0.31 0 0 10000
0.32 0 0 10000
0.33 0.0519 0.221836 10000
0.34 2.3749 3.41876 10000
0.35 4.4147 6.29294 10000
L=64:
0.33 0 0 10000
0.331 0.0034 0.0582132 10000
0.332 0.0493 0.216504 10000
0.333 0.4381 0.825734 10000
0.334 1.3771 1.95915 10000
0.335 2.1898 3.34384 10000
0.31 0 0 10000
0.32 0 0 10000
0.33 0.0003 0.0173188 10000
0.34 4.922 6.86558 10000
0.35 9.1683 13.0707 10000
L=4:
0.33 0.4347 0.860355 10000
0.331 0.4353 0.786051 10000
0.332 0.4573 0.837046 10000
0.333 0.4611 0.83292 10000
0.334 0.4665 0.851675 10000
0.335 0.5124 0.915385 10000
0.31 0.2285 0.565968 10000
0.32 0.3229 0.682556 10000
0.33 0.4698 0.866466 10000
0.34 0.5962 1.0068 10000
0.35 0.7084 1.16461 10000
L=8:
0.33 0.3907 0.790263 10000
0.331 0.4122 0.782274 10000
0.332 0.471 0.85043 10000
0.333 0.4791 0.829959 10000
0.334 0.5215 0.911933 10000
0.335 0.611 1.14167 10000
0.31 0.0502 0.241838 10000
0.32 0.1602 0.481414 10000
0.33 0.385 0.725278 10000
0.34 0.7272 1.1831 10000
0.35 1.0878 1.64194 10000
L=16:
0.33 0.234 0.583162 10000
0.331 0.2895 0.603429 10000
0.332 0.425 0.791983 10000
0.333 0.4807 0.888654 10000
0.334 0.5736 0.970504 10000
0.335 0.7138 1.17747 10000
0.31 0 0 10000
0.32 0.0112 0.105241 10000
0.33 0.2172 0.603706 10000
0.34 1.2484 1.91778 10000
0.35 2.1784 3.05914 10000
L=32:
0.33 0.0585 0.234698 10000
0.331 0.0998 0.301743 10000
0.332 0.2767 0.585638 10000
0.333 0.5002 0.935568 10000
0.334 0.8967 1.45755 10000
0.335 1.1594 1.84161 10000
0.31 0 0 10000
0.32 0 0 10000
0.33 0.0481 0.224925 10000
0.34 2.3608 3.39196 10000
0.35 4.2371 5.89671 10000
L=64:
0.33 0 0 10000
0.331 0.0085 0.0918074 10000
0.332 0.0422 0.201055 10000
0.333 0.3709 0.785745 10000
0.334 1.4025 2.01124 10000
0.335 1.9964 2.70465 10000
0.31 0 0 10000
0.32 0 0 10000
0.33 0 0 10000
0.34 4.6503 6.40555 10000
0.35 8.6828 12.2343 10000
L=4:
0.33 0.4436 0.835517 10000
0.331 0.455 0.829725 10000
0.332 0.4498 0.806688 10000
0.333 0.4845 0.855005 10000
0.334 0.5067 0.939385 10000
0.335 0.5095 0.900217 10000
0.31 0.2083 0.51782 10000
0.32 0.3282 0.669724 10000
0.33 0.403 0.752228 10000
0.34 0.5719 1.03641 10000
0.35 0.705 1.12486 10000
L=8:
0.33 0.3663 0.771093 10000
0.331 0.4486 0.841563 10000
0.332 0.4422 0.852486 10000
0.333 0.4465 0.788416 10000
0.334 0.5384 0.939901 10000
0.335 0.5448 0.989995 10000
0.31 0.0564 0.257732 10000
0.32 0.136 0.418475 10000
0.33 0.3739 0.7479 10000
0.34 0.7691 1.24376 10000
0.35 1.0417 1.56997 10000
L=16:
0.33 0.2223 0.581822 10000
0.331 0.2799 0.627372 10000
0.332 0.3851 0.750503 10000
0.333 0.4995 0.863524 10000
0.334 0.5682 1.14398 10000
0.335 0.7512 1.12081 10000
0.31 0 0 10000
0.32 0.0047 0.0683987 10000
0.33 0.2388 0.591447 10000
0.34 1.3202 1.89864 10000
0.35 2.1251 3.07278 10000
L=32:
0.33 0.0342 0.181752 10000
0.331 0.1361 0.388834 10000
0.332 0.2772 0.571308 10000
0.333 0.4535 0.855284 10000
0.334 0.8402 1.27092 10000
0.335 1.2184 1.8858 10000
0.31 0 0 10000
0.32 0 0 10000
0.33 0.0449 0.276571 10000
0.34 2.4309 3.4735 10000
0.35 4.1671 5.7607 10000
L=64:
0.33 0.0037 0.060718 10000
0.331 0.0023 0.0479055 10000
0.332 0.0795 0.270531 10000
0.333 0.3839 0.701548 10000
0.334 1.2116 1.75361 10000
0.335 2.1723 2.97985 10000
0.31 0 0 10000
0.32 0 0 10000
0.33 0 0 10000
0.34 5.4217 7.25882 10000
0.35 8.2378 11.9455 10000
L=4:
0.33 0.433 0.815094 10000
0.331 0.4821 0.85846 10000
0.332 0.4707 0.906435 10000
0.333 0.4805 0.8336 10000
0.334 0.4636 0.843058 10000
0.335 0.483 0.879198 10000
0.31 0.2256 0.51101 10000
0.32 0.3309 0.688079 10000
0.33 0.4294 0.773224 10000
0.34 0.576 0.968462 10000
0.35 0.6817 1.0855 10000
L=8:
0.33 0.3789 0.738234 10000
0.331 0.3898 0.8007 10000
0.332 0.4257 0.807802 10000
0.333 0.4817 0.872319 10000
0.334 0.5247 0.940999 10000
0.335 0.5595 0.966516 10000
0.31 0.052 0.270746 10000
0.32 0.1319 0.398646 10000
0.33 0.4 0.81392 10000
0.34 0.7816 1.22738 10000
0.35 1.145 1.63176 10000
L=16:
0.33 0.2767 0.648829 10000
0.331 0.3516 0.744603 10000
0.332 0.4232 0.839626 10000
0.333 0.4855 0.923837 10000
0.334 0.6479 1.1194 10000
0.335 0.6791 1.14248 10000
0.31 0.0006 0.0244888 10000
0.32 0.0068 0.0821854 10000
0.33 0.2334 0.595113 10000
0.34 1.3502 2.07393 10000
0.35 2.2333 3.08296 10000
L=32:
0.33 0.0436 0.204214 10000
0.331 0.1215 0.409823 10000
0.332 0.2545 0.685986 10000
0.333 0.5431 1.01284 10000
0.334 0.7703 1.26028 10000
0.335 1.1813 1.76356 10000
0.31 0 0 10000
0.32 0 0 10000
0.33 0.0456 0.245615 10000
0.34 2.4651 3.54971 10000
0.35 4.0863 5.76199 10000
L=64:
0.33 0 0 10000
0.331 0.0142 0.118321 10000
0.332 0.0747 0.26292 10000
0.333 0.3533 0.732757 10000
0.334 1.3736 1.96591 10000
0.335 2.1055 3.02352 10000
0.31 0 0 10000
0.32 0 0 10000
0.33 0 0 10000
0.34 5.0611 7.29236 10000
0.35 8.9969 12.2099 10000
